2 Machine layout
2-M LU 1 2
LU 0 4 2
1 8 0 4
2 4 4 0
3 Machine layout
3-M LU 1 2 3
LU 0 2 4 4
1 10 0 8 8
2 4 10 0 6
3 4 8 4 0
4 Machine layout
4-M LU 1 2 3 4
LU 0 6 8 10 12
1 12 0 6 8 10
2 10 6 0 6 8
3 8 8 6 0 6
4 6 10 8 6 0
5 Machine layout
5-M LU 1 2 3 4 5
LU 0 3 5 7 9 14
1 15 0 3 5 8 12
2 13 15 0 3 6 10
3 11 13 15 0 4 8
4 7 9 11 13 0 5
5 4 6 8 10 13 0
6 Machine layout
6-M LU 1 2 3 4 5 6
LU 0 4 6 8 14 12 10
1 10 0 3 5 11 9 7
2 12 15 0 3 9 7 9
3 14 17 15 0 7 9 11
4 8 11 9 7 0 3 5
5 6 9 7 9 15 0 3
6 4 7 9 11 17 15 0
7 Machine layout
7-M LU 1 2 3 4 5 6 7
LU 0 10 6 10 8 10 6 2
1 8 0 10 4 8 2 8 8
2 4 8 0 8 8 10 4 4
3 4 6 10 0 6 8 2 8
4 4 2 6 8 0 10 8 6
5 4 8 10 8 4 0 6 6
6 6 10 10 2 10 10 0 10
7 6 4 6 6 8 8 10 0
8 Machine layout
8-M LU 1 2 3 4 5 6 7 8
LU 0 6 8 6 8 10 12 10 12
1 8 0 2 8 2 4 6 4 6
2 6 10 0 10 8 2 4 6 4
3 12 4 6 0 6 8 10 8 10
4 10 2 4 6 0 6 8 2 8
5 8 8 2 8 6 0 6 4 2
6 6 10 8 10 8 6 0 6 4
7 12 4 6 4 2 8 10 0 10
8 10 6 4 6 4 2 8 2 0
